(1, [47], 73.49772810935974) 
(1, [161], 72.43967270851135) 
(1, [132], 69.43545198440552) 
(1, [35], 73.66046690940857) 
(1, [166], 74.31737852096558) 
(1, [63], 61.646573066711426) 
(1, [152], 74.57571005821228) 
(1, [166], 70.0930769443512) 
(1, [93], 79.76872730255127) 
(1, [40], 89.16284275054932) 
(2, [164, 47], 500) 
(2, [130, 31], 500) 
(2, [195, 176], 500) 
(2, [71, 167], 179.36849999427795) 
(2, [53, 143], 171.330219745636) 
(2, [189, 38], 500) 
(2, [45, 56], 127.31816124916077) 
(2, [159, 169], 438.4690775871277) 
(2, [128, 188], 303.385409116745) 
(2, [172, 34], 325.01203179359436) 
(3, [97, 138, 51], 500) 
(3, [56, 168, 42], 500) 
(3, [123, 143, 36], 500) 
(3, [109, 182, 134], 500) 
(3, [74, 154, 125], 500) 
(3, [177, 72, 47], 500) 
(3, [77, 79, 195], 359.40469217300415) 
(3, [188, 136, 71], 500) 
(3, [189, 55, 195], 321.9091281890869) 
(3, [81, 47, 92], 214.33224034309387) 
(4, [71, 122, 184, 156], 500) 
(4, [129, 78, 97, 157], 500) 
(4, [137, 56, 56, 159], 500) 
(4, [98, 167, 159, 172], 500) 
(4, [151, 71, 148, 196], 500) 
(4, [55, 36, 180, 173], 500) 
(4, [143, 35, 99, 162], 500) 
(4, [45, 156, 76, 99], 500) 
(4, [194, 41, 68, 126], 500) 
(4, [91, 135, 90, 168], 500) 
