(1, [66], 42.828779458999634) 
(1, [82], 31.543982982635498) 
(1, [77], 50.41703677177429) 
(1, [72], 35.412540674209595) 
(1, [82], 47.135111570358276) 
(1, [39], 42.46166181564331) 
(1, [78], 38.359171867370605) 
(1, [14], 94.7523558139801) 
(1, [86], 37.00601029396057) 
(1, [60], 54.31360101699829) 
(2, [50, 66], 45.37086319923401) 
(2, [17, 39], 64.1653983592987) 
(2, [45, 68], 45.074548959732056) 
(2, [95, 91], 60.2599732875824) 
(2, [86, 75], 51.23093938827515) 
(2, [64, 18], 94.44311165809631) 
(2, [29, 89], 36.954354763031006) 
(2, [98, 43], 87.22165298461914) 
(2, [77, 41], 54.649627685546875) 
(2, [68, 41], 54.75922083854675) 
(3, [59, 15, 71], 53.667468786239624) 
(3, [53, 61, 55], 63.3556170463562) 
(3, [65, 90, 66], '500') 
(3, [60, 62, 82], 51.00529336929321) 
(3, [40, 10, 75], 69.29648113250732) 
(3, [46, 94, 54], 56.30994892120361) 
(3, [38, 36, 25], 63.44703698158264) 
(3, [38, 79, 80], 55.37657403945923) 
(3, [62, 66, 74], 43.10656023025513) 
(3, [37, 46, 52], 51.81480860710144) 
(4, [98, 38, 51, 38], 74.61578822135925) 
(4, [23, 50, 20, 43], 71.32125091552734) 
(4, [65, 90, 75, 97], '500') 
(4, [26, 52, 98, 18], 159.3989999294281) 
(4, [77, 53, 28, 67], 52.87245488166809) 
(4, [81, 41, 57, 72], 55.72837162017822) 
(4, [35, 88, 65, 67], 77.04224634170532) 
(4, [91, 40, 25, 29], 77.96242928504944) 
(4, [26, 93, 41, 46], 65.4009747505188) 
(4, [71, 61, 81, 64], 89.96534538269043) 
