(1, [91], 19.26319146156311) 
(1, [41], 21.47091031074524) 
(1, [60], 18.45819616317749) 
(1, [76], 17.13667106628418) 
(1, [27], 22.15976047515869) 
(1, [33], 27.441928386688232) 
(1, [16], 56.43721127510071) 
(1, [22], 31.18073081970215) 
(1, [60], 23.879652500152588) 
(1, [65], 24.93007254600525) 
(2, [39, 35], 18.659297943115234) 
(2, [50, 98], 15.508744955062866) 
(2, [25, 16], 33.53723621368408) 
(2, [55, 57], 16.001322507858276) 
(2, [23, 43], 14.326229333877563) 
(2, [18, 18], 32.48198628425598) 
(2, [24, 14], 50.49495315551758) 
(2, [53, 88], 15.507332563400269) 
(2, [33, 72], 13.25337290763855) 
(2, [15, 22], 26.66569948196411) 
(3, [10, 19, 70], 15.074167013168335) 
(3, [53, 11, 65], 29.63067936897278) 
(3, [91, 73, 40], 48.911091566085815) 
(3, [52, 12, 12], 66.60198950767517) 
(3, [36, 13, 75], 16.880857944488525) 
(3, [32, 30, 88], 16.566115617752075) 
(3, [10, 53, 88], 24.085968255996704) 
(3, [30, 61, 29], 32.92576003074646) 
(3, [68, 83, 33], 48.035518407821655) 
(3, [46, 42, 20], 48.7424099445343) 
(4, [73, 53, 79, 94], 47.67895746231079) 
(4, [11, 82, 20, 79], 24.484593152999878) 
(4, [36, 42, 77, 24], 57.015366554260254) 
(4, [74, 89, 98, 26], '500') 
(4, [30, 36, 37, 14], 115.15751647949219) 
(4, [18, 38, 23, 79], 23.118856191635132) 
(4, [84, 46, 52, 23], 61.373990297317505) 
(4, [93, 85, 36, 37], 62.15260171890259) 
(4, [76, 97, 49, 11], '500') 
(4, [34, 82, 56, 72], 40.964497804641724) 
